  0.24091842383408923     
  0.14522895608344666     
 -0.27076532224745553     
  0.29565350336050578     
 -0.30742293379228547     
  0.13209566927630056     
  0.40852209544450635     
   2.4308728055348894E-002
 -0.11961389921775578     
   4.6541858040771045E-002
   2.1451970103982920E-002
 -0.22182121904739771     
 -0.35964167592235019     
 -0.45109194048906986     
 -0.46267624888465153     
 -0.45160149120381066     
  0.35122793160018428     
   8.0451714038273225E-003
 -0.21102162194612051     
  0.14251417248647336     
 -0.18619918079879805     
 -0.19904867763169520     
  0.10512328334841292     
  0.42010305353988953     
 -0.30567923006047737     
 -0.37703734875595052     
  0.21263241493507568     
 -0.27246618970279279     
  -8.4599812559141951E-002
 -0.48389712554467523     
   9.3217490721154372E-002
  0.43112982472384309     
  0.19979182812529239     
 -0.46187231485712110     
  0.44782295269614891     
 -0.36957276138616624     
  -6.9061891922003737E-002
   3.1358986217193685E-002
 -0.40442243594398231     
  0.10875801876886260     
  -1.2153647787352617E-002
 -0.16903846073865214     
  0.27956809268577809     
  0.16934989201071859     
 -0.11118667759589285     
  0.28379772193875130     
  -1.1233595360443216E-002
 -0.47452285748986467     
  0.45272234301705605     
  0.25701322849611163     
   4.3477517338953442E-002
 -0.23714227298134349     
   8.5728257337633895E-003
 -0.35361743448568050     
  0.29280583527337967     
   4.0953881985606344E-002
  0.13105579028680980     
  0.17598935924645409     
 -0.14046070326948690     
  -4.3103600214851712E-002
  0.38893311065685687     
  0.13752760808664677     
  0.38723319147329105     
  0.32521494846949606     
  0.48543135025589512     
  0.23688917133175769     
  0.24016336431957652     
 -0.23395161604939829     
  0.49959439264731709     
 -0.31962344320903435     
  0.28436894774268184     
  0.37101905037405736     
  -6.7575856427312120E-002
 -0.48615278916291360     
 -0.10058972969018232     
  0.32288574951286397     
   6.8017224615594118E-002
 -0.39920765641781697     
  0.17735466572556502     
  0.49265121417506619     
 -0.37886863034468954     
  -8.2544875258983019E-003
  0.20844725624334259     
  0.14044942613606970     
  0.36630697840154436     
  0.42188911759840864     
 -0.48358854815926544     
 -0.42491796856642405     
 -0.46456871035071157     
 -0.14181690315085682     
  -7.5341263037184802E-002
 -0.37794480021771926     
  0.35054102655480368     
  0.20202812973305395     
  0.16812098078735782     
   3.1371904485759994E-002
  -1.2117992528623112E-002
 -0.48019002729677684     
  -7.6395611627104176E-002
  0.47725382393622817     
   7.8296725269375367E-002
 -0.22271521625635560     
  -9.4595832516195966E-002
 -0.14349675720153077     
 -0.21774453058674748     
 -0.26821796661063135     
  0.47265140490374591     
   8.9540732080193419E-002
  0.29619999619911841     
 -0.14622695058067814     
  -3.4768425889669663E-002
  0.20564925916099597     
  0.30498237784827475     
   9.9008085106372490E-002
 -0.20483326538164426     
  0.17005971229616990     
  -1.0944359258000191E-002
  0.35102562265434833     
  0.38513023346098640     
  0.39865611967564485     
 -0.17959901320888938     
 -0.37864079093527592     
 -0.21090918391453239     
 -0.35822219551729850     
 -0.26183404708332525     
 -0.33201072714358926     
   7.8398847202656441E-002
 -0.14092288225546934     
   1.7231818991558789E-003
  0.42551979511261173     
  0.32329027049858805     
  0.24388137928535680     
 -0.37855534824330317     
 -0.31330417275633526     
  0.27409905305278637     
  0.21343201976776283     
  -9.8620671676877603E-002
  0.22564998962156013     
 -0.11060883964365609     
  0.16176499954565426     
  -2.3301320271745675E-002
  0.42590982038629505     
 -0.24337278521247041     
  0.44119092698733425     
 -0.12968701724506398     
  0.42069429088659310     
 -0.28754407712947072     
 -0.46620470087272520     
 -0.46826523241251899     
  0.17521893865821911     
  0.40242481948249553     
  -4.7449068177419049E-002
 -0.42747771288593095     
 -0.46632215601182031     
  -5.7401027037190744E-002
  -4.9617302830143754E-002
  -9.1176103209190354E-002
  0.30852516310267614     
 -0.47688742402278445     
  0.10236658587863057     
 -0.27927216653607151     
 -0.39470898619563927     
 -0.41747850547908527     
 -0.44508715969158763     
 -0.35890680719921342     
  0.25280026439660758     
  0.41869368485061115     
  0.31423340549295081     
  0.40098037620494092     
 -0.13555119727570025     
  0.14302312052020055     
 -0.45269182948107273     
   1.6883088829773289E-002
  -6.3178702527362060E-002
 -0.14436616961517035     
  0.18072399788799168     
 -0.19643047047076415     
  0.31692118193815305     
 -0.44597229531848964     
  -9.8509911602495406E-002
  0.30779887943125123     
  0.16297525782701960     
  0.46583670426555412     
  0.33403453800159605     
  -6.1099065879129812E-002
  0.31587150977989020     
   9.5742911768287309E-002
   5.5664609956644538E-002
 -0.39089016125307657     
  0.37328898895405299     
  0.13954310039407500     
  0.12046490008439792     
  0.31600492647720674     
  0.12750429840698993     
  0.14860737157043685     
  0.47557363101721117     
  0.29074025908508933     
   9.5251724244689376E-002
 -0.10538206764509696     
 -0.18248948801933848     
  -9.9674844181357816E-002
 -0.28139644948626119     
 -0.42928321345864678     
 -0.10560708071419146     
  0.41632717366560879     
  0.17192820712063717     
  0.33913460595124967     
  0.45565958433525577     
 -0.29398306813030017     
  0.27700652966658601     
 -0.21238878314179377     
 -0.22402033982943537     
 -0.11589940281232491     
  0.47792291365947415     
  0.11416825034013522     
 -0.42558420449426315     
 -0.20664035715769491     
  0.27239091692632700     
 -0.14478686304613197     
  0.27334368652241370     
  -5.5349760691419836E-002
 -0.10659279022134283     
  0.17798360313177219     
 -0.45983132520504466     
 -0.37240747684220421     
  0.19761096651773746     
 -0.19883393436040153     
 -0.32572393135141953     
  0.22306525505824160     
  0.49621226212562841     
  0.20383317202443541     
   6.8286126621312282E-002
   1.5765757813146486E-004
  0.20257449585796883     
 -0.42705618569153458     
 -0.39539819889211902     
  0.29907076068424288     
  0.17057482111973632     
 -0.22577905480891347     
  0.29500538603435378     
  0.10740852486805862     
 -0.14704473557469741     
  0.12211812007927556     
  0.12990351241229545     
  -2.5740123994751951E-002
  0.41092624050384546     
 -0.43762096401187517     
 -0.42194962932677732     
   3.4451486517095187E-003
 -0.29642172132461198     
   3.5556173069733283E-003
  0.20643280572663764     
 -0.24135798846565773     
  0.30654228191209959     
 -0.41079221722471609     
  0.49218384445909835     
  0.33047445853988860     
 -0.17267675046345646     
 -0.16870795244606876     
  -3.2357954462830458E-003
   5.4995442298027039E-002
  0.34928979331872523     
 -0.49657610785058848     
   8.5133373216230712E-002
  0.47116309866954914     
 -0.43284334697954591     
 -0.37120342631998865     
  0.10593204374560998     
  0.23956644686447681     
 -0.40726832619275016     
  -2.9324370687829376E-002
 -0.37790110747993311     
 -0.42468431479377328     
 -0.26635730024507370     
  -4.8813116684529458E-002
  0.10096142268584639     
  0.30723047686623317     
  0.40910677291386310     
  -2.6111714355195031E-003
 -0.24195568503114526     
  0.22885209601602943     
  0.11636882241486995     
 -0.10014279326213543     
  0.11046421918085737     
  0.19162246069310651     
  -4.1937082115558813E-002
  0.46898876037971532     
  0.36303087421100905     
 -0.20363555141869102     
  0.26243847105646062     
 -0.19588843578309595     
 -0.42765014707695514     
  0.28155833418121906     
   3.5000529973759277E-002
  0.39542322008607139     
  0.20176011763143564     
  -7.7692922037522316E-002
  0.17947289239277800     
  0.26666487727583910     
  0.31701136329220048     
  0.51989915044512314     
  0.19948216613110081     
 -0.39483155846149903     
  -3.1837337610298673E-002
  0.40251711644180260     
 -0.45457866012316711     
 -0.15470030536360682     
   3.5814944709637288E-002
   2.5929583256286584E-003
 -0.46438855725988476     
 -0.49371891164971898     
   8.3617110380592843E-002
  0.17437447523780603     
  0.17003093845643158     
 -0.49764886602429459     
  0.12786221069140605     
 -0.23523261718373958     
  0.20883384128244714     
   8.7559123528204594E-002
   9.0416364594578608E-002
  0.16392229262133320     
 -0.24185543924109323     
  0.16196934561655602     
  -1.8111198331191538E-002
  0.45122934050669838     
  0.36468198631043758     
  0.29597173476218297     
   1.8243434512828949E-002
 -0.38633215703719992     
  -7.3345800044363196E-002
  0.47268679464016450     
  0.21619868283615373     
  0.28788997887829115     
 -0.32227688875274585     
 -0.15998661927532987     
   4.7587930021011249E-002
  -8.4653564951705507E-003
 -0.48668924649314116     
  0.31102030217481047     
 -0.17594797998301259     
  0.26546563082441554     
 -0.49550419512690247     
   3.2296828998338856E-002
 -0.14376222505775826     
  0.17561811481796430     
  0.23048572503870135     
 -0.34721639128963910     
 -0.46739622731783548     
 -0.40799909154741898     
  0.35112529071646792     
  0.28875115411978336     
 -0.12491179231684846     
  0.17514274669239047     
 -0.10955598116727093     
 -0.29109935433270973     
  -4.4602928961489765E-003
  0.33559459158385113     
 -0.13110328759879766     
 -0.20327348094575778     
 -0.20242282809706078     
  0.42170007024225414     
 -0.36007963591691478     
 -0.39734086002342589     
  0.16823992562199505     
 -0.25900965390420660     
  0.42867099098713851     
  -4.2027689472789558E-002
  -6.6333491512091405E-002
  0.17200471389029495     
  0.44292172152761045     
 -0.38339763001459448     
  0.28909932025862445     
 -0.13838058392593672     
  0.19339868054036161     
 -0.16192070483243273     
 -0.53852783567349405     
  0.36329582047263653     
 -0.21345662284109604     
 -0.16447701961523992     
  0.25901557316269352     
  0.54491728495102876     
 -0.37793467873685926     
  0.23599945737452280     
 -0.16213831496276990     
  0.40686163194437014     
 -0.27150655829346027     
  0.47405805632066028     
  0.20352383880195291     
  0.32594502939189751     
  0.26344035962693657     
 -0.25877318426712320     
   3.6593559661154906E-002
   8.4131816404837967E-003
 -0.24574589540465799     
  0.15236497679402816     
  0.20210162673818180     
  0.48748508412193314     
 -0.48063967937069335     
 -0.16425230568103999     
  -3.1586562997012402E-002
  0.13642977650299432     
 -0.28832164814534889     
  0.20874512026937850     
 -0.30484018043662514     
 -0.34255776598473220     
  0.17278673195479444     
 -0.29233321460340217     
 -0.17489422258839160     
  0.13715151177244364     
 -0.34838791629454047     
 -0.12578974563647519     
  0.32153281128586059     
  0.42279494994886996     
  0.25099541880792647     
 -0.41378318236137862     
 -0.25091239810901744     
 -0.28310004601421901     
 -0.15009636453600647     
   5.8645345525745386E-002
  0.13195106596603320     
  0.14120674979283013     
   3.8547666864618385E-002
 -0.15741346050698787     
 -0.40365469339038068     
  -8.5362702959218495E-002
  0.27656755907561148     
  0.17742331074881074     
   2.8332378220716430E-002
 -0.35508530455021775     
  -4.7984872407697873E-002
   5.5995772854756827E-002
  -7.1127642784159506E-002
  0.27623789891218453     
 -0.25085738963764448     
 -0.29056076208174153     
 -0.22745335828287730     
 -0.41934390461798454     
 -0.32319829054084481     
 -0.45872297227910852     
 -0.26614307807400006     
  0.31809459731178946     
 -0.40490670720115240     
  0.35485322156627153     
  -8.6979046882413980E-002
 -0.12797875165235673     
 -0.12111157143039231     
  -2.7575009172194465E-002
  -2.8698594022285806E-002
  0.41464643342500485     
   7.3091510927175141E-002
 -0.34093829095354866     
  -5.8730130144269976E-002
  0.12122609183674549     
  0.42425043629399506     
  0.17143230977106394     
 -0.47097176223364434     
  -3.9257960127203617E-003
 -0.26814284482173401     
  -7.2566580417059212E-002
 -0.16042816664768866     
  0.10923509092456062     
  -3.5353082365838145E-002
  0.30664612492440235     
  -3.7645320852298686E-002
  0.13758763593384790     
 -0.42090953695206218     
  -2.0060217751144707E-002
  0.36764028797131998     
  0.46343016282612504     
 -0.48356292905861653     
 -0.32642492444030285     
  0.39587380914236414     
  0.17657453524272346     
 -0.39436289446996592     
   6.8291577469968348E-002
 -0.12238657825401707     
  0.12994819961630541     
  0.18144504627029034     
  0.41131506989561550     
  -2.0651749161669956E-002
   6.9202161161934686E-002
  0.35736510714592939     
   6.9124240672398765E-002
 -0.23678631252706683     
  0.41557083659192845     
 -0.30799420131171446     
 -0.31629107501525322     
  0.34109442325736927     
   7.9422763775056499E-002
  0.26929655471017566     
  0.36001822076997364     
  0.32021119616284577     
  0.22042538318804500     
   2.4416265985920695E-002
 -0.34562848430022453     
 -0.11260166186131201     
  0.20344758819588041     
  -2.7234273794134321E-002
   7.3774045596217017E-002
   4.7499113898796526E-002
 -0.44929468200586586     
 -0.23860353846757765     
   9.9202877337035464E-002
   8.7265099602567009E-002
  0.12827499061417216     
  0.39117259246864045     
 -0.11948942146152731     
 -0.10717793203674708     
   9.2899879111044747E-002
  0.51913440779746411     
 -0.40431177811336294     
  -1.0647100155342993E-002
  0.27105799218501836     
  0.52194109493708152     
   6.9728458779475380E-002
 -0.15031964669475917     
 -0.58848216679117671     
  0.58153438529219148     
 -0.26894494436827299     
  0.41442022287414915     
  -8.6214701122234158E-002
 -0.22854897377503641     
 -0.21555178142944720     
 -0.24503859402787526     
  0.14830501096771587     
  0.39143082302729248     
   5.8215008255423761E-003
   1.5576824900832684E-002
 -0.57760260643506633     
 -0.16660455796847268     
 -0.18030096883789012     
 -0.15821145776980350     
   4.7039789004329556E-002
  0.43103779498054035     
   5.6375228820677414E-002
  0.30737212396409375     
  0.21314900721031982     
  0.67926588293839218     
  0.46425865080852852     
  0.45623726776001167     
 -0.44353878516359624     
 -0.35453792690004260     
  0.42686237965246426     
  0.24236836718836913     
   6.6081207038261827E-002
  0.24734043104177061     
 -0.17585133989567475     
  0.49384829592372587     
  0.48417021880033639     
  0.42560704854044440     
  0.17589212584952549     
  0.31912196900011625     
  0.36947294558885702     
  0.35334017483753288     
  0.37322594914258678     
  0.32829373010366691     
 -0.35000440661613119     
  0.10021711393003485     
  -1.4584611839610240E-002
   7.1797381165850882E-002
  0.32236151963014292     
  -4.9007196538903397E-002
  0.22804994363194231     
   2.2114259754384746E-002
  0.35914622154903042     
  -6.9442376432650166E-002
  0.47535511351831816     
 -0.12500187533235074     
 -0.25114303028942048     
 -0.34096148744315158     
  0.13518904150571565     
 -0.18782813658415101     
  0.30267471163401877     
   5.3604203292842552E-002
  0.39262983284221353     
 -0.23576538903666119     
 -0.48241732603908660     
 -0.26813335695809926     
 -0.11297778190318106     
  -7.8819504164954104E-002
  0.31526281924444222     
 -0.36767038860949441     
  -5.1591517889743081E-002
 -0.28761735214285999     
  0.10587810554354125     
  0.14997158553866347     
 -0.34883802670462333     
 -0.31135741529906985     
  0.16487866045684477     
  0.37914712360474961     
  0.38808594983238021     
 -0.39921544816852655     
   8.9943178737817875E-002
  0.11516653840755291     
  0.17951033947956271     
 -0.29208247690514438     
 -0.31710042151991719     
  -2.8503356220335582E-003
  0.33761408514011398     
  0.28945046491884235     
   3.8633213273458630E-002
  0.43448705483754935     
 -0.42932343043135174     
   9.2197670093992767E-002
 -0.13631338259656001     
  0.46954627235460006     
  0.38099981606514211     
 -0.34206747251651348     
  0.25599532470957553     
 -0.25128747548615310     
 -0.27997409369287057     
  0.37631933880816731     
   6.0293560488680044E-002
 -0.46553919970598062     
  -1.2234433921555028E-002
  -5.5359787782083524E-002
 -0.19548892365372136     
 -0.42385529287082951     
 -0.42658120722286441     
 -0.11913785866921736     
  0.19614357978417749     
  0.21364269572783898     
  0.43001510094906786     
 -0.51064557609661465     
  0.26179427709899367     
 -0.31144535805998524     
   4.1894762271373877E-002
 -0.70761433693132891     
  0.33893431987233147     
  0.27719966351252850     
  0.11675952356038932     
 -0.85428125768972807     
  0.28538376567087786     
  0.33131402537884191     
  0.24943494783796150     
  0.20028354509817378     
  0.33274779072713656     
   1.1190765308589517E-002
   2.4421991073283536E-002
  0.28730190655574944     
   2.2263518082311685E-002
 -0.13951592550509287     
 -0.26347057088038139     
  0.14703684520554691     
 -0.39308789571665309     
 -0.17812393866857937     
  0.14092368561714991     
   1.8687024605350475E-002
  0.32398277695257455     
  0.65143138097831521     
 -0.24806330081090772     
  -7.3096746631281156E-002
   5.7105021489626193E-002
  0.40398739240023224     
 -0.25532039359519204     
  0.39184096200958801     
 -0.29537830066288218     
 -0.14117159433767654     
   4.1553962643582590E-002
  0.11859623214670799     
   9.8367067546854092E-002
  -7.5306607861460706E-002
  0.32981316304819541     
  0.47748792729781914     
  0.18959262208389727     
  0.22544000423059382     
 -0.50231178681889210     
  -7.0015047022943463E-002
 -0.28093497153029945     
 -0.21905543852060017     
  0.33453213526430836     
  0.26316786024419364     
  0.20574411964713069     
 -0.17310416075382751     
  0.43790710562552515     
  0.49127305059533222     
  0.17490415074724930     
 -0.27668795396897650     
  0.32477175450255191     
  0.49655811351344326     
  0.18733920015376587     
  0.18597330330400749     
   3.1755081124261827E-002
 -0.36702401429779152     
 -0.38266375904069511     
 -0.11722276050592204     
 -0.25490491620146072     
   4.4330053220714864E-002
 -0.12617642750444424     
 -0.43489342537742931     
  -7.2193227739871052E-002
  0.17836879159933774     
  0.34742827855275193     
 -0.45514267491887200     
 -0.17848432276878853     
  0.22982047877136866     
 -0.16349116107371317     
 -0.36131367313806639     
 -0.17448071965135326     
  -7.9079022929885445E-002
  0.36798588861171033     
  0.36187846429629261     
 -0.20920000000998776     
 -0.48252854877968210     
  0.25309264237961249     
  0.20404573078446855     
  0.28867982396945335     
 -0.15021543566321899     
  0.28086974655645436     
  0.53256441160185664     
   9.2769397896931005E-002
 -0.54577277388458201     
 -0.50212179608065710     
  0.22464806908549295     
  0.28809095319963601     
  -2.0593550222017837E-002
  0.44228409108992051     
 -0.14672035975017711     
 -0.48234716052938553     
 -0.17991889578044298     
 -0.32071564369218813     
  0.25201671001649545     
  0.36231262431911976     
  0.32898138028957263     
  0.44177614782587704     
  0.10224216407185722     
  0.20907821887286526     
 -0.26859964323596530     
  0.32239345593336288     
  0.21721467613252149     
  0.15833193800522977     
  0.32802739021680904     
 -0.27288702972275930     
 -0.31988599940211920     
  -3.1793084458228663E-002
  0.20300020670021354     
 -0.14129736163914022     
 -0.37437657938074936     
 -0.51843041633480380     
   9.1687078345212506E-003
 -0.27794647369827263     
  0.21153526004347620     
   2.1030896727978882E-002
  0.34512409978530423     
  0.29595507380905073     
 -0.25701728775512617     
 -0.15994002691917047     
  0.10691184013159688     
   6.6217406511044130E-002
  0.30123729999962501     
   9.9678145759619793E-002
  0.42516356808255840     
  -2.6484577361553116E-002
 -0.14034580227161633     
 -0.19032007066045564     
 -0.20631758476554732     
 -0.18378924791254950     
 -0.30182297041850137     
  0.46804717932798290     
   7.7438950190759165E-002
 -0.40122523483770722     
  -2.9300914341907312E-002
 -0.15328539501552479     
 -0.23713826185800993     
  0.16343117793314343     
 -0.11769876203020664     
  0.11990396905660620     
  0.33904202689049090     
   8.5034681295899861E-002
  -8.7162989395632787E-002
  0.26552284287733996     
 -0.11644454658216680     
 -0.46776376278681975     
  0.49223593979918517     
  0.51085793877606334     
   3.7621648877148535E-002
 -0.26404292159714671     
 -0.11913620971257885     
 -0.38963236740818968     
 -0.49565509450199363     
 -0.25529416801679905     
  0.36471675809370552     
   9.8256114113869919E-002
   6.4927029956768217E-002
  0.43002729243663468     
 -0.35194552627127063     
  -8.9159529655846604E-003
  0.46703230111207333     
  0.45590034827460613     
 -0.23367433342882415     
   2.6910772177307349E-002
  0.11208305938597019     
  0.40175091856331191     
  0.26430045135175595     
 -0.30444732673938130     
  0.44879095165414695     
  0.44055409195970924     
  0.52057960500283773     
  0.13377675512717188     
  -7.9898243005001146E-002
  0.19781359026919651     
  -6.1503931984312643E-002
  0.41967824062027909     
 -0.43428298667513276     
 -0.37453955167552677     
  -3.4493490989025787E-002
   7.0919679222907150E-002
 -0.36539387446135740     
  0.46826728131649270     
 -0.13748284229384625     
 -0.16853699536729269     
 -0.35362520451910923     
  0.21149509770304806     
 -0.36159594852488453     
  0.19064783465196616     
  -2.8387600341169661E-002
 -0.38153941299179656     
  0.40861813320456014     
 -0.31329606209157101     
 -0.28345112950931817     
 -0.14347873361320673     
 -0.38344139189934345     
 -0.22962623505161711     
 -0.29379254031635194     
 -0.61180538565459952     
 -0.12608473973387732     
  0.14389401747009067     
  -4.7756134566069247E-003
   9.4713796482783025E-002
 -0.23660932875785562     
   3.1491466874824951E-002
   5.3702975022947644E-002
 -0.33851066592437745     
  0.24618807669416401     
 -0.18526019592224591     
  0.35762715267614231     
   1.7395038426759784E-003
  0.16977481899355093     
 -0.27403078341918502     
  0.66407655444909741     
  0.33453285632853286     
  0.47397968484125819     
 -0.57098446680929238     
  0.99877474842324077     
 -0.16451196273685914     
 -0.14416750950711052     
 -0.12431299096115868     
  0.42116445990699403     
 -0.27188266287617574     
 -0.30439376393671569     
 -0.14761561542533050     
  0.86345390297929558     
 -0.37024512012108068     
 -0.12596257703646385     
  0.40285770482041772     
  0.12766166612797572     
 -0.36130600484793662     
  -7.4507998724183344E-002
 -0.17858625725263172     
  -3.2957448446437963E-002
   8.1541716398705250E-002
  0.53507616910984368     
 -0.13024321570511119     
   2.4077407229205089E-004
  -7.9929654787282076E-003
   9.7658191153554827E-002
  0.37410265915322788     
 -0.21785624203024131     
 -0.22317985582879818     
  0.23395267435126349     
 -0.15453135181712438     
  0.37445627837045536     
  0.15046505009338337     
  0.11590769995322216     
   7.2223301694155431E-002
 -0.18058307842976776     
 -0.38974180457352287     
  0.22903086675082168     
   4.0902469646271249E-002
  0.41192335851545497     
 -0.56645169796293882     
 -0.26472992361803749     
 -0.11457925833450859     
  0.57663948635234175     
   5.4517485786216742E-002
  0.51626138577989988     
  0.20390343570488148     
  0.17298971957745093     
  -4.8838345088521438E-002
  -8.8259774514780662E-005
  -1.7969261557988496E-002
  0.17092282375288742     
  0.45149861036354211     
  -2.1091536429528317E-002
  0.42134146224450714     
 -0.27590238651328342     
 -0.28756972710852868     
  -8.9854918748459758E-002
 -0.17734255032180521     
 -0.39760315720614814     
  -6.3724883555422773E-002
  0.46785944464746271     
 -0.47413981634422775     
 -0.25638144468868457     
  0.34118433921354707     
   8.9938795428888760E-003
  -2.9013476944741164E-002
  0.14988785957345657     
 -0.19499557835366815     
  0.54992116323304296     
 -0.27185085385027558     
   5.5298643530961734E-002
  0.24117362165098863     
 -0.42949033104948431     
  0.49749119691280641     
  0.13810531237064558     
 -0.29883087974662004     
   6.1218621209843699E-002
  0.44006075849970444     
 -0.32476532941124153     
 -0.23794888521510210     
  0.19128989948762870     
  0.42152484357066577     
   5.9192094237747378E-002
  0.17895690021963223     
  0.21776059259082145     
  0.34310549960996894     
  0.24391896123062323     
 -0.45368260326621973     
 -0.22666449554081691     
 -0.42480730110546872     
 -0.20097981509146445     
  0.11143769595423982     
 -0.16640872245850330     
  0.14661022196529497     
  0.23589521892627771     
  -6.2928559682768448E-002
 -0.32574624464711899     
  -4.4166846849033652E-002
 -0.24797699953298991     
 -0.20769039616943824     
  0.26362637465620969     
 -0.49580415465021810     
  0.12335375175701881     
 -0.21959846849287723     
 -0.36837126480720589     
 -0.60171366633160062     
  0.49399063283096573     
 -0.16372865975121129     
  -3.8794008509046374E-003
 -0.34249435304421660     
  0.68541083018571913     
  0.12021612538310576     
  0.39322464501141069     
 -0.24420921186659811     
  0.50156952027417590     
   4.4768371558786248E-002
  0.31127337549276118     
 -0.16919427335533030     
  0.20281055935198183     
   7.1275182408805107E-002
 -0.13268299748044390     
 -0.42286789495577748     
  0.62137176411392603     
 -0.53709471028499434     
   3.4406220503118964E-002
  0.32918429904326291     
 -0.13106033105592621     
 -0.53896412408149286     
 -0.38154413559039363     
  0.17240721640713322     
 -0.22384484472478366     
  0.12638512697296350     
  0.15401340418778456     
  -3.0911285572514498E-002
  0.48514871303501672     
 -0.16957768364206183     
  -1.0065931953807715E-002
  0.24605587201402868     
  0.13988864224874764     
 -0.13643880030669478     
 -0.10769683692434266     
  0.53984063952384853     
   2.9618654863390416E-002
 -0.40807490828446036     
   5.4171198137824464E-002
  0.13513263067446152     
 -0.44598528748142124     
  -1.5306983195293182E-002
  -2.1012858715298104E-002
 -0.16503920370404956     
  0.10277733595253960     
 -0.28887443659194595     
  -1.4274122634386249E-002
  -9.0992097044799033E-002
  0.52181219638000420     
 -0.24584037587133983     
  0.48653352233248975     
  0.53932863333759840     
 -0.10334289247829270     
  0.42980364449693237     
  0.23558116559598191     
 -0.25019074199188024     
  0.29318680193657881     
  -6.6593559966607679E-002
  0.39031461213624913     
 -0.25369733294696423     
 -0.20632506840264586     
 -0.25998515633224195     
  0.14930668684911783     
 -0.21171143611711801     
 -0.37878796167681217     
  -2.9608418366417360E-003
  0.48758031154704573     
  0.41589964728843021     
  0.38030392639377197     
 -0.50368505417994758     
 -0.33621725930059121     
  0.48523740698671869     
   1.5211890457914783E-002
 -0.42602630484747056     
  0.21239635021406608     
 -0.22625726315794922     
 -0.12979522276759106     
  0.32006393588484316     
  0.34927037444826126     
  0.29741154929350905     
 -0.13952487685009118     
   2.8990367043613074E-002
  -4.6920806042258872E-002
 -0.30729406938543880     
 -0.24917055420644618     
 -0.22942837488373036     
  0.33107769886460381     
  0.14766144494346944     
  0.10283086902076070     
   8.2916334571713074E-002
   7.2283083083613253E-002
 -0.27593920146291145     
 -0.20856289931328206     
  0.22888578264164686     
  0.37597847668308110     
 -0.27179934192585903     
 -0.12927365553082107     
  -9.0046463911062177E-002
   1.7824400324532554E-002
 -0.24620224227869025     
  -9.0899755056452897E-002
   2.0683230607275550E-002
 -0.33881212261978338     
  0.11480832864535380     
  -5.9994692428354417E-002
   4.1347824020129147E-002
  -2.6941243787961304E-002
 -0.19893306390176568     
   8.5263523601511071E-002
  0.10201465289586452     
 -0.61212761332789378     
 -0.60724648400488646     
  0.40385653722197168     
  0.44725686632441852     
 -0.15156191228020299     
  0.13317473316966205     
  0.27125935731941164     
   2.4533069889199507E-002
  -2.5379822814174738E-003
  0.11563930036943870     
  0.31964037356874153     
   9.8784696734084354E-002
  0.15747725354979272     
   6.5415379784852692E-002
  0.39010471637600774     
 -0.36767196258057294     
  0.14792014437457568     
   7.7024511336051010E-002
 -0.31310396195118295     
  0.26604254789770976     
 -0.13612129888553001     
  0.30369454805953572     
  0.12238852741056372     
  -1.7188964706954277E-002
   7.6201423831761136E-002
  0.13786101197367384     
  0.38938267158833428     
 -0.38869058401835499     
 -0.17981989313986321     
   4.3523676927678834E-002
 -0.53240666062252007     
  0.22518656792281377     
  0.38611995021644269     
 -0.24073871646301612     
  0.36009957046477564     
  0.26807629173998043     
 -0.37722937135141787     
   4.3729397813273126E-002
 -0.20786307332450069     
  0.36937494533286991     
  0.12929076192816286     
  -4.5133015375406760E-003
 -0.67989400752168361     
 -0.28617877633456829     
   5.1731986607403649E-002
 -0.39686125581579329     
 -0.16340666587540764     
 -0.57191923101790854     
   2.7335442233160948E-004
  0.30489155421700798     
 -0.20272589142394867     
   6.0810147756201346E-002
  0.31888926748488516     
   4.3797335092168363E-002
 -0.37304140698405330     
  -8.8793196130552185E-002
 -0.28855810456246483     
  0.14971003980817293     
  0.52046095847643847     
  0.42268022184203979     
 -0.10769974828454693     
  0.32957513366536734     
 -0.38372251268177393     
  0.37764311159513586     
 -0.22228404182715222     
 -0.32338208490906628     
  0.41565579098500249     
  0.32577567306403682     
 -0.36574187210621711     
 -0.13313227679546724     
  0.26760370262657801     
   3.7721739241276149E-002
 -0.34851158712627989     
  -5.8430620371200823E-002
   3.1586891377660527E-002
  0.34090483573793723     
 -0.22755289201811002     
 -0.41621024522876848     
 -0.13926947070120413     
 -0.31044342546543691     
  0.16983140211741685     
  0.30426407030533531     
 -0.24046997991263591     
 -0.14308573842724523     
  0.24327782110785978     
   6.6338611601430661E-002
  0.40736095505085584     
  0.28403559665500228     
   7.7057228356106735E-003
 -0.52040811715384083     
  0.32194672237570915     
  -4.5256024887326003E-002
 -0.12221887235050602     
 -0.44105525948665419     
  0.52527196953146948     
 -0.31969196500903885     
   9.2015513440603061E-002
 -0.54221690848580473     
  0.25967929663822242     
 -0.10773890897178592     
 -0.21200281948575334     
 -0.19069032598257854     
  0.13381028374203552     
 -0.13316152314593246     
 -0.23889163928221316     
   6.6697101720255211E-002
 -0.16946777197919768     
 -0.30763185351113137     
  0.11446034577940872     
 -0.57088986330937141     
  0.22576466445690044     
 -0.20501292861996701     
  0.30626429141320877     
 -0.39053281892001313     
 -0.57943281049302209     
  0.37055084280478745     
  0.49677617877886004     
  -2.3394062572770713E-002
  0.62187911588327505     
 -0.31092167372619456     
  0.56596482180628915     
  0.17796349276462295     
  0.30519005518618675     
 -0.30325164803834354     
  0.56718793170979875     
   3.3378826050690077E-002
  0.15866682532327453     
 -0.69904280831568177     
  0.18890512776234555     
  0.36926838963333536     
  -3.0354586894520440E-002
  0.19849461402392293     
  0.26406218125285091     
  0.24038407997071201     
 -0.28246120150526821     
   6.9892907486320058E-002
  0.21587959432832432     
  0.26503173333957947     
 -0.32047880114558197     
  -6.8098104855541061E-002
  0.15011332550203327     
  0.24076756950629480     
 -0.30791546981917717     
 -0.24038201987879618     
 -0.52987036453065373     
  0.10659323707745594     
 -0.53735017168017063     
  -4.0655599313979607E-002
 -0.22401350319919955     
 -0.21849375955208278     
  0.15227258798055884     
  0.13062567903328609     
 -0.16646922732192393     
  0.28163105034552433     
 -0.16271733151430234     
 -0.22461991127646952     
 -0.46654239507788259     
 -0.39797374732433760     
 -0.12164869493316077     
 -0.34441884051833355     
 -0.30379450089302135     
  0.22333674505753034     
  0.10890772638273742     
 -0.46706354959057855     
 -0.24897026337479525     
  0.24962571620218230     
   6.6926143902878460E-002
 -0.24101594732474940     
 -0.15993702266300730     
  0.46567725972358937     
  -1.3081834693540823E-002
  0.47654799066695841     
  -7.5636990923886760E-002
 -0.17189918917241021     
 -0.30780668110374687     
  0.48190222430483531     
  0.25333719998608906     
 -0.34420625029490515     
  -4.5168053868138269E-002
 -0.49334894487170800     
  0.45659915396975270     
 -0.49525078677264533     
  0.19770870971944848     
 -0.13293646307948900     
   5.7962555354420155E-003
  0.42729880452998814     
  0.32349374561513261     
 -0.35022059230930369     
 -0.14862003290643797     
  0.37208544787336090     
  0.29819966611779725     
  0.30260177992757431     
 -0.18284371795910112     
  0.25825184998738765     
  0.38236655339590370     
   2.7417908884629014E-002
  0.32635366305975561     
   7.8828160607995953E-002
 -0.25705759784427679     
  0.15312115058038703     
 -0.16959310244661399     
  0.37473766185605550     
  0.22337905490551321     
 -0.49577518280056759     
 -0.20324676327202795     
 -0.35623566406653051     
   8.2351401778761893E-002
 -0.47122943336722994     
 -0.31017053035044162     
 -0.47046483992910082     
  0.32086069311112730     
 -0.16322525833001603     
  0.26411282970793004     
  -8.3280974372248837E-002
  0.20338052080597277     
  0.26535568373413898     
  0.40848566791266006     
 -0.33422961055246553     
  -4.5120946518495679E-002
 -0.34327559234481264     
  0.28883731322165290     
  -4.1714298445876326E-002
  -5.0018505676615733E-002
  0.33872866841319199     
 -0.16804847906680689     
 -0.33354861319565976     
  0.14207471104150782     
 -0.24653460880245870     
   3.6417784541323647E-002
  0.32840003587349986     
 -0.50761129279306960     
 -0.27678438655051318     
  0.15946882104159618     
  0.15719249077054884     
   3.5957621671058378E-002
  -7.6181892940151819E-002
  0.19612691392820883     
  0.19125523420655280     
   1.5553868520094527E-002
 -0.35490158513526415     
  0.11743208330952376     
 -0.31216134029014614     
  0.11529157833878986     
 -0.39877760672898849     
  0.17836122499182425     
 -0.40688429675432453     
 -0.55391244366416170     
  0.34691059448357053     
 -0.13411912031188247     
  -9.5747145269052439E-002
  0.16977555137874625     
  0.14449329763478405     
   4.9001548375118061E-002
   2.6454436818360849E-002
 -0.38255911331050041     
  0.44177225316922514     
  0.19925613142092055     
  0.26746300510869736     
  0.21298898984661221     
  0.41726831970759914     
  0.25214781345489096     
   5.6527696593385423E-003
   7.4172425764697791E-002
  0.40768578860039772     
 -0.21877841251173677     
   5.0132508695656275E-002
   2.3552645710834184E-002
  -1.2015775775356959E-002
  0.30107138588721788     
 -0.20215387495075304     
   7.4272750796165798E-002
   2.5850680052505157E-002
 -0.26652656132372099     
  0.43416665927091469     
 -0.18091679099071314     
 -0.32127222696313262     
  -6.1833672691658750E-002
   1.0219527166596461E-002
   8.0576912042738605E-002
  0.43224061694720783     
  -7.9964968343433820E-002
  -6.7789873229602768E-002
 -0.20210450797785420     
  0.16486506644232846     
  0.19512725409553622     
 -0.37427211558614171     
 -0.33934936565161561     
  0.47254458006043387     
  0.24678267570048551     
 -0.46061320244756143     
  0.30558779982611139     
  0.15970112496048250     
  0.13684338896887679     
  0.43705241544959528     
  0.34290860873807999     
 -0.15183529992036343     
 -0.24425496833526653     
 -0.47452336110727988     
  0.21945438265223632     
  0.32388554405622749     
  0.16016793503943635     
 -0.16810092012892486     
  0.12638874128139066     
  0.24237962882890873     
  0.45251960098920646     
   2.5327153178007510E-002
  0.23384356208592227     
 -0.12430691822771416     
  0.46737074808441859     
  0.22706044524475696     
  0.57282384364688055     
  0.20021199788401775     
  0.27891603892574035     
 -0.34016016616656358     
  0.49172367700363767     
  -9.6792665192211233E-002
 -0.26356447462491922     
   8.1465682981441093E-002
  -7.5731923627533476E-002
  -4.1376839487858502E-002
  0.24539623959478996     
 -0.28030942345178128     
  -8.2954757867160250E-002
 -0.21072675098015312     
  -2.7833853061869245E-002
 -0.58297882858009409     
 -0.29293812719502393     
 -0.23875638775740340     
  -7.3094037929520683E-002
 -0.38073098874214484     
  -8.6930451483932150E-002
 -0.13588490541113687     
 -0.40696308640193413     
  0.26368903046069708     
 -0.67768954978404072     
   7.2641633374137607E-002
 -0.26483888065669459     
   7.1465766418449497E-002
 -0.32598653417347284     
  0.27962128192160052     
  0.29400690297279147     
  0.15491550249838781     
 -0.17811821577290543     
 -0.49883561726508968     
  0.64630811815588318     
  0.29466961596676361     
  0.10167869779306223     
 -0.56921047869097818     
   2.0433844381703540E-002
  0.16352057280943852     
  -5.9928524202812958E-002
 -0.15044653130217997     
 -0.35732497823331028     
  0.19319366779997585     
   1.3828858005785627E-002
 -0.33526970513677123     
  -2.2884090141232747E-002
 -0.21311320502407061     
 -0.27082131558699007     
  0.32004050069008605     
 -0.29891890103624558     
  0.13995018721604158     
  0.31102418075771476     
 -0.10763018894536115     
   5.0593389556915717E-002
 -0.37668732812369771     
 -0.25794972803395411     
  0.12163721525123992     
   5.0564521047041934E-002
 -0.25389972612193684     
 -0.18601920825622464     
  0.21605232059131807     
 -0.51742927100921621     
   4.4289835926878629E-002
 -0.54003389608370844     
 -0.12969723636042338     
  -5.1013376595164403E-002
   1.9657303296836303E-002
 -0.48191969546904573     
  0.70470657213863419     
 -0.25227633057319859     
 -0.27243421434270965     
   3.8066658923986287E-002
  0.21260832538259114     
  0.16282940133145388     
  0.39853125588471056     
 -0.50176847910281153     
 -0.39786488342382120     
  0.20742364581219919     
 -0.45750153147378342     
 -0.33443462446239297     
  0.16052655757130202     
  0.31252329783289240     
 -0.30446560077166085     
 -0.31036620328129827     
 -0.35386824778715381     
 -0.16118888510230969     
 -0.19418772168644283     
   4.6795049696520416E-002
  0.49908068490717028     
 -0.32537633810821942     
  -8.6454717319664587E-002
  0.11241874248375483     
  -4.8665775750928328E-002
 -0.43770951576590983     
 -0.43276183990168815     
 -0.49599477150634375     
 -0.35238314413908839     
   3.7794637840806000E-002
  0.11336244922623212     
  0.44882173398009056     
  0.19690889084792260     
  -7.3657729456002533E-002
   6.6366122863797894E-002
  0.46587356960208587     
   3.1135184353085255E-002
 -0.16136684051986966     
 -0.41017702092703529     
 -0.10506949396722505     
 -0.11035861974406574     
  0.48035525231695164     
 -0.42554179371253836     
  -7.6749994892673493E-002
  -1.3037842475182328E-002
 -0.45716161691266610     
  0.22498344329381420     
 -0.32801889547131652     
 -0.22315461077303289     
  0.33177515733528390     
  0.38263731080326152     
 -0.22721104492820676     
 -0.31150947652009631     
 -0.28403327083745467     
  0.14278629935671230     
  0.13313241278707288     
 -0.45094657001210303     
  0.46220740405948207     
  0.40131501125559166     
 -0.63529815895128372     
 -0.22137130667400490     
   4.7359749018297828E-002
  -3.3963581342231527E-002
 -0.28244430885113547     
 -0.43012366885507236     
 -0.34712992324729341     
 -0.20584601527710442     
 -0.33142742380969037     
  0.23550124900482078     
  0.24740872727876406     
   5.9861861083709937E-002
 -0.64558420743396161     
 -0.45702184977728338     
   6.9415838983182349E-002
  -3.6624682964737983E-002
  -8.9379417303042830E-002
 -0.53884440872307537     
  0.41974108847311664     
  0.58917349763886973     
  0.30157649721402052     
 -0.11532574375142537     
  0.39624621426692747     
 -0.39701679924025485     
 -0.24076541004012478     
 -0.11101208243790099     
 -0.21886925164858689     
 -0.37983380595802135     
   5.3204476339759894E-002
 -0.51073423703590781     
   4.6382835948074297E-002
   3.0296892478377680E-002
   7.0871146623879999E-002
  0.25770473482653644     
  0.33620735948271657     
 -0.23969385595478374     
 -0.15772360167471278     
  -3.7390508963601694E-002
 -0.25405209979663024     
 -0.42713300131813464     
  0.54830807242408508     
 -0.31660307193165799     
  -6.9972038812919746E-002
 -0.37345358708548765     
 -0.12400941194015710     
  0.35259716034115401     
   9.7143846006613757E-002
 -0.17863955846368232     
 -0.71044326793765611     
  0.54553223215350688     
 -0.38530550982982098     
 -0.33104111210481268     
 -0.53763262527975819     
  0.52610883897540073     
 -0.44821098614327431     
 -0.24263767953618098     
 -0.61678714178827598     
  0.32483374247617680     
 -0.10264676375283860     
 -0.52781400763135922     
 -0.31753751150258969     
 -0.25737132922086120     
 -0.41957411273216577     
 -0.32457919772900035     
  0.41798038130926957     
  0.30375438571820945     
   1.4286316104675678E-002
 -0.34060695718831424     
  0.44425726311379787     
  -7.3413890809389537E-003
 -0.30778202777763219     
  0.19888880192641434     
  0.32960901570717971     
 -0.40499946547093324     
 -0.46054772307582714     
  -2.8895400228317381E-002
 -0.10950479343133512     
  -5.3267467915223334E-002
 -0.17861097085565311     
 -0.41444119899708215     
 -0.47380127809377387     
  0.15606226088705352     
 -0.26725100363506926     
  -4.2560098555663613E-004
  0.32232375124730078     
 -0.38092188269992955     
 -0.33492667275338966     
 -0.47733020298169743     
  0.42648323784284448     
   1.0908852867165249E-003
 -0.24944425541963677     
 -0.28190077599573304     
 -0.19344180749962833     
 -0.30328875618829915     
 -0.27050838901620011     
 -0.36075151974496378     
  0.16325517154041411     
 -0.33005148546471469     
  0.31783398113986555     
 -0.52199085934160039     
 -0.34911718709916240     
  0.21875026904014902     
 -0.38835019339013782     
 -0.21483661945147145     
 -0.32770408859744965     
  0.44525288516322448     
  0.24723260554649987     
  0.34348994398795274     
 -0.16412893764813222     
  0.26799632917790722     
 -0.38875645474718129     
  0.42448420047039509     
   4.1537717271003985E-002
 -0.10608780578428864     
  0.29669591419491453     
  0.32467049956154687     
  -2.8972187483274042E-002
  0.38600097519423815     
  -2.5008216388855933E-002
  0.18933521064845185     
 -0.56208264878833658     
 -0.25837458660429602     
  0.20792422706231231     
   3.0164334634556884E-002
 -0.42610304322788617     
 -0.11304874075499846     
 -0.29608555716708279     
 -0.18520975558743860     
  -9.5276286096380974E-002
 -0.19031611424996753     
 -0.10465727792413637     
  0.18712289846893926     
 -0.33767996686559221     
  -4.7267946096279864E-002
   6.5198424925114226E-002
  0.58901033444606243     
  0.26019763877709434     
 -0.11213618333037975     
 -0.32469956719980825     
 -0.40803949202610612     
  0.42027360281415488     
 -0.29536412352731151     
 -0.42811202835299922     
 -0.11144380214174503     
  0.36950723847102468     
 -0.35371643123015933     
  0.32470134472019702     
 -0.16945802885931785     
  -2.5845110543501488E-003
 -0.35352485182886639     
 -0.38386227270599088     
 -0.42014815537265104     
  0.42187172530980660     
  -3.8507429223406581E-002
  0.48769962976230613     
 -0.47938233978828443     
 -0.36060686195874792     
 -0.33151974160802439     
 -0.46166616581846848     
  0.15599486761316739     
 -0.16047772202466262     
  0.45539687490696013     
 -0.44156379927618122     
  0.38151119213102014     
 -0.36490196347468223     
   4.4652376342296969E-002
 -0.41984268870077690     
  0.26159406963089787     
 -0.44970324230161124     
  0.45948745636042870     
 -0.28000031938341424     
  0.35550683722153159     
  0.23201531802345204     
   3.4535646088424118E-002
  0.10951960149037349     
 -0.33702962336306530     
 -0.10551792378739701     
 -0.38884857713510673     
   1.2460545945501965E-002
  0.49310482250256626     
   3.4470524468367174E-002
 -0.22941942893927236     
 -0.31393401401333321     
  0.45082582119739800     
 -0.30752689441275105     
 -0.34096292481404555     
  0.46328745886937150     
 -0.22264303139799324     
   3.8839032378897520E-002
 -0.26262502222311179     
  -6.1452279627617963E-002
 -0.42056619067941969     
  0.24260669434004878     
  0.51624051767505386     
  -9.1543986310222598E-003
  0.34273786983713206     
  0.18819890684780197     
  0.14723656629756990     
  0.22744950001537290     
 -0.30422388916160825     
   3.3104995805195797E-002
  0.42610888912507666     
 -0.38183855605958045     
  0.13847188337087199     
 -0.49586288099766079     
  0.17687843335108863     
  0.28686660361124877     
  0.32930881475013940     
  0.44311758098707199     
  0.38647557318207210     
  -4.7721432281054237E-002
 -0.39421217441940654     
   2.1873176993688685E-002
  0.41252981403108546     
 -0.41619200196517342     
 -0.34154240997060320     
   6.8003657535425505E-002
  0.71521626949598471     
  -8.5062060329724014E-003
  -8.4926956349067450E-003
 -0.28720836289272428     
  -6.3102284218808161E-002
   5.0842423880699088E-002
  0.11964975020961682     
   3.1860337577502645E-002
  0.11125712336880419     
   8.7078517185958743E-002
 -0.54453881642737090     
 -0.30448310784168214     
  0.17987902590662913     
 -0.27537648653939728     
 -0.42187892091465040     
 -0.80353278190720867     
  0.29098694268773539     
  -8.0947931084266733E-002
  0.26890774017266783     
 -0.25542095679101351     
 -0.26975829722244260     
   2.8383451466080536E-002
 -0.43608353631500618     
   3.5796125716928660E-002
 -0.28560103941200021     
  0.21986298560417752     
 -0.10455369930308264     
  0.13855902208694706     
  0.21315673441325453     
 -0.25178402396067551     
  0.40231886962060620     
 -0.62350080130736441     
   9.9455818748399746E-002
  0.22077053563327212     
 -0.16297409547063416     
 -0.26000280396550651     
 -0.30898480976188675     
 -0.13010712243438816     
  0.20980661083750063     
  0.32446967764344414     
 -0.26528923643823887     
 -0.11923302479061321     
 -0.25020497968234612     
  0.65627222772824656     
 -0.18068462418100109     
 -0.15989290569374945     
 -0.44000001228286711     
  0.29045210075817585     
  0.27116984729662713     
  0.46638336813369291     
   2.5005025100948947E-002
 -0.48534638872681229     
  0.16760515526412664     
 -0.20094219719968309     
 -0.31060617951995217     
   9.7381273702892790E-002
 -0.36473680608301762     
  -6.5770718442199616E-002
  -7.0402847410348558E-003
   8.4454662146490455E-003
   2.6630009314714362E-002
   1.4900045125281484E-002
 -0.30120600170497824     
 -0.39258289790402784     
  0.17510862277109596     
  -2.4083117933658880E-002
 -0.19611052407689963     
 -0.47951483271006512     
 -0.35404292385308506     
   3.5683691769675015E-002
 -0.36543457747746300     
  0.38722048762548050     
   8.2740581538279637E-002
 -0.28106601598718023     
 -0.18100547423554503     
 -0.11006089787352409     
  0.47503738049807559     
 -0.17649184532277221     
  -5.8741715901558800E-002
  0.31800658511201119     
 -0.42733248585193728     
   1.7863344653152646E-002
   6.0294295182997115E-002
  -6.9034917040132981E-002
   3.1368903197439568E-002
 -0.39988991640306548     
  -8.0127018101117886E-002
  0.30769776714367203     
   4.7121206700092816E-002
  0.18432384990041037     
 -0.19023430707995337     
 -0.11637527481925436     
 -0.38090283808332870     
  0.32139179769867299     
 -0.41764044096048097     
  0.35397180132063966     
  0.21785782348085728     
 -0.15224555874631668     
 -0.18809989819677805     
  0.31686360976052308     
  0.14029533556568216     
 -0.38402618622410500     
  0.33996842302228797     
  -8.1147868272545859E-002
  0.13620795775199065     
 -0.51874232472176651     
  0.24722514854422575     
 -0.20400848565350327     
  0.53653832440886273     
 -0.46858697641060276     
  0.17516250040742470     
 -0.17881567267761517     
  0.17413260557778373     
 -0.51013451283811984     
  0.13712654325719439     
  -7.4877402756793429E-002
  0.59408461731252427     
 -0.45143188973613513     
 -0.33298152812466852     
   4.6817755529732150E-002
  0.38233840188428087     
 -0.14581471398288434     
  -2.0373749036657195E-002
  0.25421214751744303     
  0.37560071786765797     
 -0.31534463601328067     
  -1.5350910964765630E-003
 -0.41305508587209666     
  0.19519984126059123     
  -1.5998634868618057E-002
 -0.59141668051959995     
 -0.24155257397600616     
   5.8540629791342745E-002
  0.14868928543717005     
 -0.26160698855800235     
  -5.3331649667738082E-002
   6.0102090553254363E-002
   7.8250940340923295E-002
  -8.4490238890745709E-002
 -0.35000854150693150     
 -0.19963809303853608     
 -0.29824944286802313     
 -0.40353285597468547     
  0.18374205525911780     
 -0.20567269420028275     
 -0.49345496044930182     
 -0.24691237497967314     
 -0.42003336839601951     
 -0.43014167783482926     
 -0.43979135851352952     
 -0.35112935718529636     
  0.56422769717848620     
  0.36337440761714962     
 -0.38352675470944741     
  0.21509086755353379     
 -0.15191213135735768     
  0.27338708698404451     
 -0.24740621192331777     
  0.13958203285646176     
  0.47451339504305201     
   4.3565912523645382E-002
 -0.12556102591095966     
 -0.32037476433436468     
  0.18390621537507454     
  0.15211604746056684     
  0.40798504543759723     
 -0.52865200250858224     
  0.18444348248623446     
  0.48636471282489341     
  0.28249763814316436     
 -0.52681499712917090     
  -2.6980428811266426E-002
   7.2809349460707426E-002
  0.25977168586859101     
  0.26469691175856641     
 -0.60556412937564552     
  0.34388982372676591     
 -0.11930173131046405     
  0.19285323961816433     
 -0.47172489012549051     
  -4.1869975864883613E-002
 -0.25270177774113539     
   9.4175834119200358E-002
  0.38349856965121437     
  0.14379920598629847     
 -0.46390825312958123     
  0.12678077518227332     
  0.11841820858588206     
  0.31958605070784618     
 -0.25151321641258656     
  0.23804340309170197     
  0.35930181256884447     
 -0.30852873383448809     
 -0.44702048488035528     
 -0.36516294541481520     
 -0.45042397579020055     
  0.15848032106353949     
   5.4522006306640947E-003
  0.30285357819123926     
  0.41164583467635019     
  0.14189613420732597     
  0.23545931081129384     
 -0.39856120567524717     
 -0.15895107309406131     
  0.37098915863987325     
 -0.21684097363915256     
  -7.4504860637061007E-002
  0.35345629381860655     
 -0.20477976329570177     
 -0.43440338972013648     
 -0.30290561537881827     
  0.19021567058019020     
  0.14460697761681310     
 -0.45597800041731745     
  0.47098647208289168     
  -3.7223516291384887E-002
  0.10929109940078975     
 -0.77412908784214407     
 -0.44775741628740429     
 -0.53782684157657346     
  -2.4652179156056025E-002
 -0.36880104890966442     
 -0.54427434293932087     
  0.29497688083732299     
 -0.23124457204142926     
 -0.89613741919696865     
 -0.38544057574213009     
 -0.22886938467314302     
 -0.12468001989846809     
 -0.60513286514102471     
 -0.36659867004008917     
   9.4930340376710748E-002
  0.38673595231716984     
 -0.52855693569497442     
 -0.32687601923955489     
   3.1370248337620657E-002
  0.54336347710561217     
 -0.56850724159570865     
 -0.32859516094655489     
   5.1723947723941880E-003
  0.41853710017571416     
 -0.46183775480204042     
 -0.23641358060151288     
 -0.21977410164628933     
 -0.29115317684791953     
 -0.19070393128779639     
  0.26279565244486097     
  -8.7223343645852158E-002
  0.24772602101876859     
   9.3152060174304552E-002
  0.45949297869568950     
  0.36931822667392683     
 -0.21383083573022826     
  0.29246874251239674     
 -0.27920534488661791     
  -8.0411968433793446E-002
  0.11809828840305162     
 -0.20182468572446466     
 -0.36376907913240381     
  0.29564806001612698     
   1.5494186583059724E-002
  0.35544806492746106     
  0.24652204445889708     
  0.17183733974842016     
 -0.47620575033154589     
  -2.1200903177340930E-002
  0.14020555188584596     
   3.8149760874809924E-002
  -7.8742380312755211E-002
  0.53472195319482596     
 -0.22126350962946714     
 -0.40835076163047906     
   3.7291075216374078E-002
  0.16323063446203726     
  0.33781229056541040     
  0.11892631405160169     
   6.5483615109942314E-002
 -0.11243722602774493     
 -0.19806155621887273     
 -0.12852104343744011     
  0.47679911166625999     
  0.23932563433733309     
 -0.37691966938996097     
  -4.5744689168130660E-002
  -5.6827985101071642E-002
 -0.51278798955196425     
  0.41193342044319692     
  0.23980082640671685     
 -0.27971800657296386     
 -0.17157881023966504     
  0.32309117209659360     
  0.14501379866202513     
 -0.23297034544520281     
 -0.18483469202865510     
  0.32487902610205038     
  0.33497599199016148     
 -0.29038682601497423     
  0.10883132186667108     
 -0.41799352591295541     
  -2.5762144472283841E-002
  0.30334653696464919     
  -2.7676558303361648E-003
   4.8566046404208044E-002
  -9.6954082193359270E-002
  0.20530899705894434     
 -0.18473065853645465     
  0.48653179343028874     
   8.9404619976416577E-002
  0.21445119213374564     
  0.45550029603744091     
 -0.32255080393799673     
  -8.6126751336135454E-002
   9.5897644376422647E-002
  0.33474950041105517     
  0.18956034919474776     
 -0.41599997389046400     
 -0.21740457004639269     
 -0.35884429877222562     
  0.25380847615994279     
   1.4883469555900556E-002
  0.33006195721621340     
  -5.6654881319197992E-002
  0.33367813885067371     
 -0.39319026117117961     
 -0.10865834937098626     
  0.37602337076530135     
  0.51282443932878208     
   7.1388136092724180E-002
 -0.10460521860680325     
  0.23884276440320729     
  0.13890453034080955     
  -2.5762140958907321E-002
  0.33473564004022627     
  0.12397712645875626     
  0.44701068974215508     
   8.3241441919016543E-002
  0.34984435765991712     
 -0.69305102602617108     
  0.34351213958225396     
 -0.12497827513327509     
   1.1670379183026910E-004
 -0.35972682326280842     
  0.16428722603347548     
 -0.76842148165695923     
  0.64192843795141785     
 -0.99575714189115538     
 -0.59964993563634283     
 -0.38246078815159257     
  0.28673670266741802     
 -0.65288224007580575     
 -0.40843687774675386     
 -0.20252945608040879     
  0.14051096793688300     
  -1.0125192758713630     
  -6.9605194053443615E-003
 -0.41024231811000000     
 -0.39852215262533403     
   1.9476278126467874E-002
 -0.36382302665684257     
  -9.1626399007841100E-002
  0.30776972185324036     
 -0.44515100444242467     
 -0.24615397886557192     
 -0.51460524752323489     
  0.34212611289250588     
  -4.0522547307909322E-002
   9.7676370375964328E-002
  0.13057224203150544     
 -0.29747946352283466     
  0.14798216777176901     
  0.18543973591578192     
  -2.9433030652716286E-002
  0.28507009494636543     
 -0.11314361776588487     
  -9.7523256711469289E-002
  -2.8409176353295835E-002
 -0.56641414599394102     
  -2.4372205787237321E-002
  -9.4736799975941199E-002
  0.63514829840344922     
  0.36532940886518583     
  0.19262973493113306     
 -0.22276657873802999     
  0.32155323839216726     
 -0.28845215706351901     
  0.55525088023193769     
  0.42024617534265890     
 -0.52424017163752978     
 -0.28881491918436047     
 -0.19107127089691106     
  -3.2926447577761787E-002
 -0.36602874571709421     
  0.12409209096752037     
 -0.15379779044672073     
 -0.32660595291236327     
 -0.51637056821959038     
  0.29935705129524265     
 -0.50064143385275539     
 -0.35025949802704626     
 -0.37290632099450116     
   7.6625970928823922E-002
  -9.0990216034345942E-002
  -1.3141791868597059E-002
  0.26317785020332740     
  -3.0196218564917641E-002
 -0.30302965509391183     
   1.4240444064013973E-002
 -0.22847189604104912     
  -4.9227771457638229E-002
 -0.10163538184862191     
 -0.14740303398562274     
  0.42136039845157547     
  0.17254609549570477     
  0.15694396362728227     
  0.36671318688686277     
 -0.16600028522395488     
   7.6644143947684817E-002
  0.22934409958174007     
   8.6579003228773876E-003
 -0.47202275888781253     
 -0.22732828102672942     
 -0.25418349032572174     
  0.48192710235916369     
 -0.44796000318431073     
 -0.18946613217645919     
   7.3415195966785918E-002
  0.43633725422095043     
  -4.7225314455271929E-002
 -0.26544972729365418     
   2.1529292891970812E-002
  0.17276597356635526     
 -0.25983331408939953     
   5.5284293148962306E-002
 -0.28575545279563397     
  0.41257599301329839     
 -0.17002093056121134     
  0.22791911102591716     
  -6.6971940183205445E-002
  0.40908292678070174     
  0.38399360198302285     
   5.8824774869776046E-002
  -9.7484319064943231E-002
  0.28081038065067992     
 -0.15823624743410408     
  0.23033811313131278     
   2.0499934644650684E-002
 -0.25332850926506745     
 -0.42131737680628278     
  0.21820940661009419     
 -0.20486825264444064     
 -0.10386598891533567     
  -5.2520997561324154E-002
  0.59673485889649247     
 -0.33005195596428372     
  0.26990807083510210     
 -0.74628827731597902     
  0.57051933036453117     
  0.29703651996225816     
  0.31326079745476293     
  -7.6544851239364484E-002
  0.56907993897070064     
 -0.37115947828957868     
  0.49940576060915487     
 -0.27808160358535416     
 -0.12376259139450287     
  0.28553287207617484     
 -0.31637176072622408     
 -0.40402638661312562     
 -0.48621781193096364     
 -0.53236055362780965     
 -0.32242092111432114     
  0.22152661820319203     
  0.41122520991413936     
 -0.28328470004801026     
 -0.24371723729534758     
  0.37049016268461704     
  0.24555114080561632     
 -0.51054569105610992     
  0.36713432115038180     
   2.1935290803472302E-003
  0.10870818630344833     
  0.10370073083974794     
  0.19512095960705658     
 -0.56065546776945463     
   6.5370188848334870E-002
 -0.35673589889445051     
  0.22745789848294407     
 -0.34904642400918806     
  0.24745324312608322     
  0.18871081658773542     
 -0.49046507810157491     
 -0.19287112094533362     
  0.58966909100787124     
 -0.24341539577557181     
  0.22550219145004172     
  0.39480533755323899     
 -0.26306432308027816     
  0.30482166491554485     
 -0.40153740456610615     
  0.15022373934423203     
   2.0106956195650890E-002
  0.27246665759598210     
 -0.35833538979302570     
  0.28905024986499622     
  0.26908414664805408     
  0.47003108503611513     
 -0.44237119460431173     
  -5.6343564588071368E-002
  0.19525725005028557     
 -0.11469736561732748     
 -0.31595206491843847     
 -0.65110540310819887     
  0.51296434409950542     
  0.26841251410836631     
  0.22013698263940040     
  0.31858963296698384     
  0.49222405521548018     
 -0.14850677880496915     
  -8.4110268530390525E-002
   9.4691193817231178E-002
  0.18425769316353299     
  0.48907696132237477     
  0.19545302855675595     
  -5.6083169682194754E-002
 -0.25473432583904720     
  0.37096580194949874     
  0.20134566045209654     
  -9.7795253894922773E-002
   4.4070032085853916E-002
 -0.28987982232573040     
  0.32612866461815826     
  0.45151540704104165     
  0.25771360104649954     
 -0.31156273798760981     
 -0.29862841653603833     
  0.36045872075510699     
   2.2633225821637595E-002
 -0.28746781430100915     
  -3.3907588022597853E-003
  -4.7976233173797608E-002
  0.24335406743831914     
  0.25527388881375296     
 -0.13149127720064910     
  0.50542496838854634     
 -0.16328690070618929     
   4.0831745311551058E-002
 -0.11136367052747558     
 -0.16301766580759711     
  -5.8281095076986464E-002
   4.8233483419030873E-003
  -9.2942455405115712E-002
  -7.2913624402991761E-002
 -0.30094476932169445     
  0.24967080994518279     
  0.41371710789159610     
 -0.29162956800644185     
 -0.15787842325558094     
  0.17696380613933838     
  -8.5735563467666309E-002
   1.5464659886694298E-002
 -0.42330177994175577     
  0.12919642374103071     
  0.31602044283962599     
 -0.62868894277136056     
   7.2244396816375650E-002
  0.27730766867089518     
   5.2569901821240266E-002
 -0.29694153174177923     
  0.29882588035425733     
  0.43436990005617243     
  0.49632967852297011     
 -0.33653475609357303     
  -7.2344975969843142E-002
  0.22715484567673819     
  0.29265071408801563     
 -0.41358635640994790     
 -0.29135983054678544     
 -0.34425947493465425     
  0.19408167542078414     
 -0.33696112344698104     
  -6.9116000160520122E-002
   8.2536353730590806E-003
  0.39682833102787096     
 -0.19997830529658417     
 -0.33004096704003671     
  -5.8098623779186719E-003
 -0.39105939603316775     
 -0.36469953808630073     
  0.52491557813912071     
 -0.18140711879895349     
 -0.17989649272379113     
 -0.28619248834424149     
  0.54711797451432298     
 -0.57394294755343089     
 -0.40586093358648495     
 -0.22024231643110287     
 -0.23000249997713459     
 -0.19885696295703928     
  0.23460365685990758     
   2.9362381877343861E-003
  0.37835419594250058     
  0.27737481987069124     
 -0.10179083964739197     
 -0.32806303315935098     
 -0.27056415112775672     
   6.7326072593155886E-002
 -0.37506033722157534     
  -9.6905442914052287E-002
  -4.2226430069942505E-002
   9.0822707269446662E-002
 -0.32907869822960489     
 -0.26381251407627787     
  0.45046662392378639     
 -0.33945917819955540     
  0.22348423720090460     
  -3.9124757274176802E-002
  0.28309362036465230     
 -0.28621664875316782     
 -0.30132429156246249     
   6.7096748919876242E-002
 -0.16922256652014392     
   1.4705325042283829E-002
  0.28573538997935000     
  0.15283571973865873     
  0.27445153516153409     
 -0.23148941649558280     
   7.0128824999972111E-002
 -0.36577680239416721     
  -6.8538157414547343E-002
  -2.0805382195900397E-002
 -0.17164378839621006     
 -0.41393355461902148     
  0.49587520632983317     
 -0.34250251075048471     
  0.26636893536079509     
  0.14897376676994073     
   7.3309360087286057E-002
  0.11415622585905105     
  0.19207558212663367     
 -0.35261648589697114     
   3.9772843714331318E-002
   8.1007636396029814E-002
 -0.32060968693338310     
 -0.48148115620426934     
 -0.13618751828665332     
  0.39805638690585243     
 -0.24156309810003573     
  0.20674234766028710     
 -0.30235584741186372     
 -0.27669537785064169     
  0.21642051908682863     
 -0.24367848035609363     
 -0.45105643768282505     
  -1.0353947904585371E-002
  0.23744558673851351     
  0.55808216534750099     
 -0.26888697992582333     
  0.41910599899078160     
 -0.33444919570301179     
 -0.30272478041239625     
  0.45800796646682562     
  0.37292633860489743     
  0.25506514540337066     
  -2.1232273058291330E-002
  0.45247155414379897     
 -0.15481227915947396     
 -0.33846879740044122     
 -0.46770867785751591     
  0.24587966579070328     
   3.7030574133077060E-002
 -0.11256639290793309     
 -0.35473896499760921     
  0.54286912369716989     
  0.38509014156000682     
  0.40982045028209824     
  0.11186542956854591     
 -0.38104901689290754     
  0.48246852108541405     
  0.56189287957740874     
 -0.53224706359714302     
  0.37642398756350709     
  0.27979225961131410     
   7.8941395165979006E-002
  -4.7431433090915527E-002
  0.18397940758517747     
   2.3673186790704223E-002
  -2.6958596899338140E-002
 -0.19181496359896003     
 -0.20011970467738283     
  0.28738819376478769     
  0.42731597138256910     
 -0.54050727276580934     
  0.31161394076128351     
  0.19534425803592126     
  0.33432318821879120     
   1.2573289745670066E-003
 -0.28568204968310407     
  -8.8633398619276993E-002
  0.42540565516874440     
  0.11048489868537067     
 -0.44836053469622805     
 -0.27785951066922482     
 -0.30898194753103092     
  0.37207237719044822     
  0.10776326215351360     
  0.36584059763956694     
  0.38705790612510332     
   5.0185753524105099E-002
  0.11628795474810665     
 -0.51690978354931827     
 -0.48662514809312835     
   9.8907998421719559E-003
  0.17380395633171211     
 -0.29358056666870208     
  0.21988307641003438     
  -2.5998137671559573E-002
  -9.4821189221272764E-002
 -0.17065943230340366     
 -0.44660379387478422     
 -0.45578331918648002     
 -0.45000482372896344     
 -0.17489496920598602     
  0.10556500098673093     
 -0.33561163524729259     
 -0.10808180486261433     
  0.29977696487673272     
 -0.53562478460615492     
   6.6193826461309210E-002
  -1.7075257279332547E-002
 -0.42861863535724837     
  0.34637155615526433     
  0.21002880486834821     
 -0.19030593184375194     
   7.5665130590559765E-002
  0.40498649343980736     
 -0.29648578915636226     
 -0.34315024117953413     
  0.13322205366976042     
 -0.26953686195885146     
 -0.40013766011755808     
   4.3696478631401900E-002
  0.25732543545137398     
  0.41926505838389183     
  0.25064014317610983     
 -0.26445000512783362     
 -0.26068969228590699     
  0.13495531230039320     
  0.21627859755697212     
 -0.36586023388790267     
  0.40074004433715682     
 -0.45385735942817862     
 -0.13144124117181111     
  0.20201908040857319     
  0.36055955771132142     
  0.39562489231820686     
 -0.24096854575366389     
   7.7790034810867215E-002
 -0.45113310219900293     
  -5.8236405447388062E-002
 -0.25773142715829378     
  0.42221679808685431     
   6.8865707349585747E-002
   4.1098705577177534E-002
  0.23512672893855091     
  0.34206335505334395     
 -0.40387237373391760     
 -0.15169322082629322     
  0.46866256206804552     
   7.7216654583477040E-002
  0.24647778251908559     
  0.34737468469320126     
  0.28401751963489891     
   2.2987251256087637E-002
  -6.4392512775353572E-002
  0.25252898232028587     
 -0.38631319724331026     
  -3.1794476711352340E-002
  -6.9453199696218340E-002
  0.50581399376175817     
 -0.17011279688664163     
  -9.5578784550052545E-002
 -0.16972366050805765     
  0.51263593821819320     
 -0.41533050290684548     
   8.9131629101764670E-002
   2.9789900865883494E-002
 -0.22348716637791963     
  0.20482507040987663     
 -0.10627309833331325     
  0.33441873693346097     
  0.26154233355235662     
  -1.9614451708806158E-002
  0.23985162980619490     
   4.7399678935241225E-002
  0.21592287553185133     
  0.26344870986924385     
  0.50893932554050292     
 -0.13695885571669950     
  -1.9804336807410467E-002
  0.42085617130815267     
  0.28795158716845459     
   4.5349713176520666E-002
 -0.16044030381268101     
  0.16967403360846364     
  -3.5246800603229669E-002
 -0.19673644128783108     
  -1.2363679016047813E-002
 -0.34982719832199211     
   9.3942382962151114E-002
  0.13730682922362691     
 -0.22769318510186470     
   3.0913923677208317E-002
 -0.48351639881260600     
 -0.15242980532999365     
 -0.15587552119505677     
 -0.18909564933027323     
 -0.64752133196149420     
 -0.26151834596391416     
 -0.43848653760031014     
 -0.12011822884997012     
  0.17777965122991965     
  0.37854790517754061     
 -0.25994401084278107     
  -6.5507991045623631E-002
 -0.19335129448518179     
 -0.19153480515321586     
 -0.34514080020670013     
 -0.60326800348132292     
 -0.42283201846220358     
 -0.31891348704989275     
  0.19010805833398700     
  -8.3218841706969277E-002
  -4.9508387865211341E-002
  -5.4599557147241254E-002
 -0.53204339641943998     
   7.1165017770597597E-002
 -0.12830322067949890     
  -7.8507297398025075E-002
  0.13550078864337553     
  -1.7807879355877621E-002
  0.20221611993041552     
 -0.16762216363458474     
   7.7934999109302766E-002
  0.18387262304220764     
  0.38832402764102508     
  0.42097491459089587     
 -0.43875922236111387     
 -0.47789825105675338     
 -0.24241494521641793     
   2.1940353584634288E-002
 -0.25136468399627676     
 -0.38682607490678866     
  0.34255993285255032     
  0.44471388973129672     
 -0.23538389272645352     
 -0.36874491701731749     
   9.1720357849918888E-002
 -0.14171044365693497     
  0.19930442979779062     
 -0.41252323675297342     
  0.48772924953891739     
 -0.45104474438162434     
 -0.23541084003232304     
 -0.32315106783178460     
  -9.2953774225111863E-003
  0.41967732154777226     
 -0.19835961876942332     
  0.28179555163527681     
  0.42694904833037695     
  0.32998745317740941     
  0.21263678465528602     
  0.41694820100973995     
  0.41963587672448605     
   8.7714209879135530E-002
  -3.6361397486437373E-002
  0.12537628490243899     
  0.46006486903569138     
  -4.8410416274486973E-002
 -0.42265043072707342     
 -0.42036856500442071     
 -0.31558646836647347     
  0.14149189202534954     
 -0.44966525295397552     
  0.14185268974644824     
 -0.27766477844088333     
  0.20245426951329887     
 -0.27109761105180069     
 -0.19869778208408911     
   7.0371828248930568E-002
  0.33053723807724955     
  0.13855583569472152     
  0.12175331353363403     
 -0.41612078046053608     
  0.22477570032606145     
  0.45745267278247043     
  -8.2869272021002180E-002
 -0.38110375306099759     
  -1.1142629487197036E-002
 -0.16774616861183997     
   8.5857816814489146E-002
   5.6185857324516563E-003
  0.30119701705169000     
 -0.24658017802536114     
 -0.13736117958870572     
  0.55902622157592818     
  0.15499729677108207     
 -0.21111542730656258     
  0.51869716282863476     
  -8.4007602303900877E-002
  0.18191243140858648     
  0.43844846607485333     
 -0.15512687884308174     
  0.53442697439428921     
  -6.9629061004633230E-002
 -0.31358195693064950     
 -0.20551489205611864     
 -0.19978915539175929     
 -0.11309489169950497     
 -0.17674245557882692     
  0.26156093505289590     
  0.19712140653274859     
  0.23218863944582455     
 -0.22692898888607230     
  0.24684978312752756     
  0.34214753405844511     
 -0.20049280916304232     
 -0.25113295702562727     
 -0.11706622829392913     
 -0.10424711045943888     
  0.23086133081088797     
  -3.4042943853114842E-002
   3.9491071220217042E-002
 -0.21710306847356745     
 -0.47232535389765251     
 -0.24630799956989002     
   5.4416771358893688E-002
  0.42361867789755936     
  -9.5153865994456147E-002
  0.15363875241148509     
  0.14118619488981490     
  0.32595405900016311     
  0.15851573516189330     
 -0.57844075562650998     
  0.19805194584119137     
 -0.28554265203949247     
   8.1475181963683863E-002
  -9.5912010615323492E-002
   8.5484639805080948E-002
 -0.19999286120906445     
 -0.25225932169053383     
   5.7327331802552027E-002
 -0.29863674904622728     
   6.4944996501665991E-002
  0.29444990742943838     
 -0.29357619379623906     
  0.14122124911087997     
  0.33566268943343530     
   5.6734015231117076E-002
  -7.0973593001056781E-002
   2.0350488675830836E-002
  0.16462923664156806     
 -0.32642540413252807     
 -0.26121817392936825     
 -0.33786372669665637     
  0.21547774818308038     
  0.44859305037415520     
  0.43294922663484742     
  0.18449628430031825     
  0.38554496302245128     
 -0.21328770864130231     
  0.44090611593916312     
 -0.21020799862967249     
 -0.39208902994947781     
 -0.12910793796854592     
  -4.5837335534265278E-002
   5.7396761706553057E-002
 -0.19785232835447264     
  0.11766484406655964     
  0.42064589916351469     
 -0.38381172374075667     
  0.46524441843154851     
  0.10432545844852958     
 -0.37928290924910224     
 -0.13891734926552612     
  0.44207232497907667     
  -9.4817695386867684E-002
 -0.43302796632269069     
   4.0154643995902184E-002
  0.45675606715671468     
 -0.39443265030609770     
 -0.15323991499422926     
   4.6369116565820566E-002
 -0.27063511764068626     
  0.11034651132513529     
 -0.37864028537482708     
   3.5210033388726214E-003
 -0.11056040031490308     
  0.35756700347028247     
 -0.15417586252166124     
 -0.25695360801482797     
 -0.14299109606376792     
   7.6212576466430759E-002
 -0.39766633479427793     
  0.51089770171969084     
  0.15274154248018545     
  -8.9516878166464638E-003
  0.54206783608063813     
  0.45531421212876971     
   4.1668365634301860E-002
  0.27467389611936310     
 -0.22154757419517124     
  0.37273432168494991     
  0.18714913832202543     
  0.49768639476924659     
  0.45110161696617396     
  0.43138994973435196     
  0.30551724521826495     
  0.11858344505207793     
 -0.24639571269672672     
 -0.22457175461816811     
 -0.27695431794113606     
 -0.35449119231560311     
 -0.18137004850203611     
   4.0448498392608973E-002
 -0.15876249279689805     
  0.46020646947911303     
  0.15902819537242860     
 -0.20403448748593114     
  0.34368188382228454     
  0.25005099317822277     
 -0.16191632949493814     
 -0.22378694365047400     
 -0.24000025883789294     
  -3.6881679544100758E-002
  0.27065022529932781     
 -0.28892321017722183     
   4.2810881213888683E-003
  -3.6774929100851041E-002
  0.13629562959648459     
   6.7470546192611669E-002
  0.29239545944472750     
 -0.23613837676500429     
  -7.4570042734996261E-002
   5.9939996070653909E-002
  0.31983757893781600     
   4.4695313840273754E-002
  0.33369594583659029     
  -3.6612881412361374E-002
 -0.17420714116939173     
 -0.20990365851739384     
   8.2325995114381295E-002
  0.20134254811622918     
  -8.7392994941460522E-002
  0.30928650078805520     
  0.25424888661240158     
 -0.29256241046615583     
   8.8791580024184958E-003
 -0.22169718022055915     
  0.36714317716734224     
 -0.24597970113112061     
 -0.36522835912536245     
  0.54997996738029553     
   9.5586905977036556E-003
   5.2211412758658100E-002
   6.0123637147199357E-003
   8.5476199865561295E-003
 -0.26116029116713568     
  0.28482888667800504     
  0.47265162066682576     
 -0.30500114406869239     
  0.33937362102306706     
  -4.2656311262557874E-002
 -0.14366867464367572     
  -8.3527498179379212E-002
  0.49881208403529431     
 -0.16352663474124091     
 -0.41454045137093676     
 -0.23453931922274118     
   8.3897068089844540E-002
  0.37131361718440248     
   2.1916564739768107E-002
  -7.1262748401494047E-002
  -6.1603646297558545E-002
  -8.5383386408976913E-002
   6.8118782529564936E-002
 -0.17609488398801398     
  0.36741096532320683     
 -0.48844879462699253     
  0.11294891738482660     
 -0.46934105042215701     
  -1.0582134255897047E-002
 -0.18329829753255678     
  0.42371563143605295     
 -0.38111718491486402     
  0.22414723777187362     
  -4.9874131984855574E-002
  -1.3935303276017108E-002
 -0.43873092242854905     
 -0.17281965037374736     
  0.37186243855262613     
 -0.25043674350668554     
 -0.30004970774070122     
  -3.9966030704014111E-002
 -0.12631756628668814     
 -0.49278582418125921     
 -0.42806566171566812     
  -3.0946034256307212E-002
 -0.23629062767643669     
  0.27738250328786918     
 -0.36015724186636433     
 -0.19454645282095703     
 -0.30990185671363951     
  0.35758522965933126     
  0.45542531023308908     
 -0.35753083625335708     
  0.56376759091913142     
  -1.0521286166795395E-002
   4.0216611988245915E-002
  0.20733644116389044     
  -9.2296613318224724E-002
  0.12064346081016203     
 -0.25005071492065212     
  0.43903717757410043     
  0.20763542536110074     
   4.3692394157035588E-002
  0.40489014155623082     
 -0.26931854312723835     
  0.18966902619717782     
   3.5668910426725188E-002
   4.0539372499822444E-002
 -0.21086902242551983     
  0.62688142414104475     
 -0.73487094084536808     
  0.54883617473242019     
 -0.47558150925898934     
  0.74426090737785588     
  -1.9133509970674516E-002
  0.65135765212540386     
 -0.38629901624572210     
  0.69919468696012377     
 -0.36935211761667774     
 -0.20472153768471441     
  0.36418295636519804     
  0.80694611756390167     
 -0.33986031230542296     
   3.5338862190788453E-002
 -0.29439396066072715     
  0.10887069624801357     
 -0.44352625232123216     
 -0.10676310351772013     
   4.6943125517890129E-003
  0.25487234410629572     
 -0.51998339673072413     
  0.27295906963073424     
 -0.45975778507482457     
  0.33572444280431402     
 -0.11341584732431413     
  0.64102206440439413     
 -0.37742260473525457     
  0.21394966585487440     
 -0.18819042131936906     
 -0.11040748179475755     
 -0.43372641613256774     
  0.16478938827624370     
 -0.11779153953115930     
  0.52749100665144311     
   1.4588342550050773E-002
  0.61387437937828127     
 -0.59292198643830207     
  0.44240045218267154     
 -0.37371629965161995     
  0.17870003681701546     
  -2.5486691981046340E-002
   8.1944243156510235E-002
 -0.23243078024797986     
  0.38966653039850818     
   6.4495627504188691E-002
 -0.11404764748081249     
  0.19377733930051766     
  0.48109079548444494     
   3.2100859032174911E-002
  0.24539895233131306     
  0.38134930443821491     
 -0.12324031317406617     
   8.9481372778931589E-002
  -8.6514439125479223E-002
  0.37157283296605415     
  0.16446166573010532     
 -0.11645131621380433     
 -0.29105863427718548     
 -0.26929873338325028     
 -0.10363759574151499     
 -0.33338684895365522     
  0.14738460557336353     
 -0.23258947387814821     
  -6.3269859245573601E-002
 -0.16076230493820132     
  -3.7508074382908152E-002
 -0.29473893124114103     
  -4.9461750589529840E-002
  0.20332260952109438     
  -6.1717492332727497E-002
  -3.5675585666572140E-002
  0.25339127085454427     
 -0.49941495176466266     
  0.12977281196576229     
  0.25808775524447347     
 -0.25420432246187252     
  0.35304682087978223     
  -2.3416075400734093E-002
 -0.10825931930118649     
  -9.5438481302804856E-002
  -1.8192902849555968E-002
  0.16644341239920410     
  0.15833572733724674     
 -0.26153073808425903     
  0.26039061851644579     
  0.25476702280118796     
   3.2395066261690010E-002
 -0.15777906411763268     
  0.13555283339286367     
 -0.37350228856548678     
 -0.25658255656803497     
 -0.12578521645589835     
   2.0746449838178256E-002
  0.18436160008214264     
   5.8514777640560983E-002
   1.9597465001109182E-004
 -0.16376019443473991     
  0.52421825974074321     
  0.30367830116534383     
  -3.1836830467020509E-002
 -0.37774934151802525     
  0.49362558605684637     
 -0.17985580504169921     
  0.13096481153883213     
 -0.39699005086868028     
  0.49790508869735145     
  0.46867199610151317     
 -0.15134756618033957     
 -0.13292247752439229     
 -0.20816228707190659     
 -0.44606543685768407     
  0.52398640190895751     
 -0.33198500663463609     
  0.21916318534586812     
  0.41919446234397745     
 -0.23710085346487419     
 -0.41093365944998139     
  0.28927168837963818     
 -0.17778087122865679     
 -0.13830839445837981     
  0.40700025303629683     
  0.18765521876868513     
  -7.4808553795929794E-002
  0.56105214578780860     
  0.23487660195656809     
  0.38693561324223019     
  -9.5905686283986477E-002
  0.17213388014257977     
  -9.0260137237119870E-002
  0.45207664513479384     
 -0.48430768853136025     
  -2.4783844506053795E-002
   1.5097158262115015E-002
  -8.3249026573600209E-003
  0.23216520113535871     
  0.27622045641567733     
  0.34433233915387251     
  0.22898099530481450     
  0.30960346334046795     
  0.53851187854648186     
 -0.27795913012461043     
  0.54028991996911979     
  0.30696000032508136     
  0.24496361906827391     
  0.23805861059259814     
 -0.35212504453704496     
   3.0234533235477638E-002
  -2.7484091420170425E-002
 -0.40390278135744023     
  0.39412553862908367     
  0.21247126907011635     
  0.37782320804794917     
 -0.36999773184398982     
  0.45371986228817113     
 -0.43979678462204108     
  0.36508535032379641     
  0.32195894473376058     
  0.18018978522019186     
 -0.23446751808324534     
 -0.22409109584087625     
 -0.35946807779479945     
  0.22456488644007283     
  0.10464803816638291     
  0.18387566433625424     
  -2.7669294965838032E-002
 -0.33390104639197704     
  0.16477082049167702     
   3.8696394189368655E-002
  0.20555129762122692     
  -3.4690906063185256E-002
 -0.10436305308804694     
 -0.21651339480461984     
 -0.10701932196519137     
  0.40519323490607639     
 -0.42916646359575050     
  0.43099802865215309     
  -1.4459286881154387E-003
 -0.32908631784620046     
 -0.48076720455894673     
  -6.7190380640231862E-003
   3.3344263439151089E-002
   9.4314755366350256E-002
  0.10085602246703973     
  -4.8709382207392626E-002
  0.45484429210968957     
 -0.16177707704351019     
   8.5381128422010955E-002
 -0.35832296429273025     
 -0.45614550852179769     
 -0.46579456140232234     
  -7.1767114969970680E-002
 -0.32819882268993139     
  0.21651200348099331     
 -0.23215436551579793     
   6.6030422931837918E-002
 -0.21879807772882576     
  0.18368467417925372     
 -0.28117979144946603     
  0.15205464913634359     
   3.2370527216986300E-002
  0.26436776242940763     
  -4.6941272482522584E-002
  0.21317466215919392     
  0.24772067133128264     
   9.4367922169805871E-002
  0.20263511584061197     
   1.5733051411309342E-002
  0.42353159486697040     
 -0.17890310336880350     
  -3.0458637114547753E-002
  -1.1322633766194896E-003
  -1.6647604399924257E-002
 -0.25862380209053126     
 -0.23881773273042972     
  0.17542295848276288     
  0.45820227393841823     
 -0.38389980247783623     
 -0.15328158491998875     
 -0.41408719809691297     
  -2.4663660588747610E-002
  -9.6293908748642632E-002
 -0.29192520670652367     
 -0.28001382289990240     
 -0.27399429083277271     
   5.0154293283248635E-002
  0.47271423342637320     
  0.13417980224962700     
 -0.11777411791258573     
 -0.10077532791996556     
   7.1128038112441394E-002
  0.11390130992704313     
  0.32873169086925652     
  -9.8855729343259091E-002
 -0.33542011190994514     
  0.38086680500669023     
  0.19154579788549281     
  -1.1803988776715593E-002
  0.23765375814766365     
  0.21754846318549245     
 -0.41682479275085238     
 -0.25503963455702527     
 -0.45239140461557004     
 -0.49844489074478182     
  0.42009063176033967     
  0.30113336994329765     
   2.7797807778453875E-002
  0.15445000065910594     
 -0.46119261648899301     
 -0.42520501091693896     
  0.38076051571425179     
 -0.43059321629760594     
 -0.20213209832735010     
 -0.28689931526529899     
 -0.41802863494833148     
  0.48087778148669891     
  -1.8420944958419162E-002
  -7.8775005963995781E-003
  0.17203964145143458     
  0.49570137782774454     
  0.14105059516649313     
  0.23769178526630744     
  0.40048564443447315     
  0.14597847171371561     
 -0.35444125874566634     
 -0.40032169718191701     
  0.14862953413602861     
  0.39588076099085706     
  0.42300030887786205     
 -0.13569836608857891     
 -0.34554758673546526     
 -0.39125455905390022     
  0.39120226364258864     
  0.18665772454667995     
  -8.4690054905046552E-002
  -3.9371412403614414E-002
  0.34084324099129715     
 -0.34522742841034215     
  -8.5875512201981641E-003
 -0.24113718985645483     
 -0.18152099210952566     
  -8.1396278676077460E-002
  0.46026287665102616     
 -0.33345433656110413     
 -0.41005845772950233     
  0.21634142905456022     
 -0.25936502525093041     
 -0.29506975630831023     
  0.34672142745372925     
 -0.41093106828370318     
   9.6691550083261246E-002
  0.38003174656314997     
   5.2291245417664278E-002
 -0.76889626175151515     
   9.9474170811292437E-002
  0.18536267006736393     
  0.10267568141103921     
  -3.0649542512335430     
   3.2839201055744121     
   1.8798007272536930     
   4.2796873380327272     
  -1.5794729031194370     
